82
77
61
84
54
7
69
95
18
99
35
73
81
16
63
92
29
79
71
17
14
37
67
52
3
5
28
37
79
50
82
4
30
61
61
47
5
34
59
81
48
44
85
84
65
52
38
92
60
24
26
25
28
66
63
45
10
9
81
49
80
33
17
68
17
32
43
21
56
17
88
95
20
90
70
71
52
83
88
52
68
36
77
56
25
58
76
64
98
16
37
96
54
11
1
15
28
17
68
33
9
18
37
44
37
31
5
38
97
93
93
27
21
30
82
45
56
62
44
60
56
80
23
40
81
92
42
9
89
55
44
36
16
55
43
50
100
34
19
94
53
39
68
5
23
10
75
24
30
57
60
66
74
8
77
30
95
97
63
46
90
96
49
43
50
58
12
67
87
32
45
23
43
50
8
18
13
19
18
71
17
18
80
32
95
78
62
8
79
14
56
3
71
74
5
57
90
25
56
65
99
9
37
99
13
37
24
25
1
59
18
77
80
93
29
72
17
17
48
73
97
4
88
73
76
42
53
70
46
51
29
88
64
53
73
8
81
82
20
59
54
38
8
20
97
80
24
79
45
33
41
73
77
83
69
95
21
65
23
71
85
54
80
50
31
30
13
27
20
21
91
35
98
90
19
60
97
69
77
97
18
75
25
13
11
57
12
81
85
79
87
17
60
50
75
100
58
58
90
68
67
97
60
24
42
6
76
88
64
9
99
53
88
27
53
10
30
67
40
74
19
33
43
41
35
75
76
49
15
19
2
39
80
9
31
22
16
1
71
5
82
24
17
76
80
35
29
33
97
65
71
91
18
16
50
34
55
19
90
68
31
28
73
46
7
60
73
79
97
32
95
29
97
35
93
95
16
67
62
100
46
43
52
51
49
12
22
65
60
97
67
98
12
3
75
55
52
72
70
21
62
50
37
65
70
43
95
84
23
55
19
88
57
91
23
88
76
23
97
96
39
9
20
1
65
98
18
94
60
39
44
45
98
42
39
96
6
87
81
7
17
38
43
5
78
80
41
21
81
87
79
29
75
74
82
54
31
37
1
72
25
1
24
84
12
75
90
16
53
27
83
89
43
91
79
1
67
15
23
86
58
97
13
73
60
15
70
25
60
85
65
69
87
9
82
17
15
59
93
4
91
25
69
54
5
90
87
85
95
81
87
17
15
16
15
29
88
51
24
98
5
66
56
68
63
14
3
34
10
63
87
9
22
19
96
33
28
60
69
71
28
86
30
80
99
49
54
72
94
53
29
64
35
96
100
25
69
2
92
92
88
54
75
33
94
79
95
97
21
82
2
29
83
54
71
20
36
77
69
14
60
32
40
57
35
24
74
27
19
71
64
26
68
77
84
75
11
98
86
20
54
58
51
13
52
100
81
81
26
81
89
93
33
78
32
56
14
18
98
71
5
69
78
50
18
76
62
6
71
96
9
39
91
49
60
3
81
28
6
36
43
94
2
39
82
72
94
90
45
28
61
93
100
16
16
86
80
1
95
77
39
75
11
30
72
50
3
84
18
30
75
87
13
63
28
12
68
39
69
47
83
72
61
43
35
16
40
75
34
75
23
80
33
29
98
68
84
72
68
32
70
10
73
16
54
75
81
37
89
5
19
41
33
49
95
67
14
68
96
56
11
28
51
44
8
95
54
84
66
60
29
96
72
37
78
74
99
46
90
60
36
3
87
30
56
82
48
84
35
31
55
16
77
12
22
42
59
29
8
59
21
97
72
29
76
23
70
96
72
21
68
69
78
36
20
8
41
21
88
26
48
71
49
35
6
13
20
61
16
36
15
71
38
32
40
40
32
59
54
33
13
52
13
14
63
86
38
42
92
14
2
39
42
82
11
51
48
37
23
63
4
10
81
37
7
98
31
47
97
81
77
83
67
55
14
97
59
36
73
20
75
78
69
2
34
76
30
56
21
89
93
95
36
91
30
3
71
76
7
65
56
92
46
12
38
19
72
87
69
15
93
13
65
4
89
26
41
79
3
32
69
75
26
8
89
83
48
77
26
12
26
83
29
8
65
83
33
58
64
15
5
43
88
7
96
80
30
33
3
4
62
92
73
76
97
82
67
38
23
56
72
96
61
57
90
10
85
58
39
6
94
84
16
89
27
26
87
19
12
9
54
15
74
22
50
34
10
53
12
83
17
95
35
9
43
10
82
32
18
86
96
72
94
98
11
79
77
85
50
71
95
48
27
15
3
58
22
39
8
56
1
33
47
57
89
99
49
7
46
18
44
56
2
26
13
82
22
77
12
71
