16
49
81
86
28
45
76
33
68
82
20
18
48
79
65
90
13
79
56
33
10
88
67
10
67
35
38
30
79
33
65
42
86
98
38
20
69
17
92
69
60
11
98
21
98
26
2
31
70
94
83
85
69
64
35
28
81
71
20
92
8
46
54
35
18
78
31
50
42
45
21
96
87
86
73
98
89
47
12
42
33
7
60
84
49
79
72
22
63
10
38
98
97
99
62
14
57
63
4
20
94
52
89
25
73
86
98
83
90
36
38
35
60
77
59
1
86
69
86
38
7
10
86
32
8
23
99
87
24
60
42
26
44
91
48
81
17
36
12
62
80
89
32
28
71
3
38
20
40
62
27
87
77
65
14
85
66
58
17
50
87
11
59
30
94
13
91
68
30
78
83
51
58
24
58
17
77
58
60
6
85
80
48
62
34
54
48
78
78
63
15
59
19
61
75
70
30
2
34
59
11
70
89
61
78
76
30
54
8
96
8
9
97
12
65
8
63
96
96
41
64
13
89
67
64
25
32
97
48
88
86
76
25
1
94
16
90
87
84
57
25
94
71
81
55
7
61
7
95
68
7
34
5
93
95
98
80
23
97
54
44
32
6
20
10
31
83
97
18
50
17
76
13
39
17
70
42
8
12
57
63
26
2
80
81
53
71
32
6
96
35
68
89
30
14
92
88
52
72
24
23
64
89
46
51
31
21
65
77
25
56
72
11
40
90
19
31
26
38
56
59
52
91
22
15
48
86
82
26
24
82
90
36
87
35
98
36
55
29
50
33
7
55
81
40
63
58
50
40
95
61
62
14
16
64
70
73
67
32
4
45
38
40
53
43
66
36
23
6
92
82
75
97
88
24
53
97
11
81
51
90
37
43
31
63
20
76
20
24
64
26
68
24
26
5
94
67
2
38
74
28
35
44
47
14
86
65
25
92
12
73
63
86
80
13
9
95
9
90
24
89
16
99
42
66
14
51
72
83
29
86
95
72
8
24
55
92
95
18
76
54
51
28
12
91
62
82
44
13
96
99
58
12
14
84
12
36
3
80
99
35
93
41
63
26
77
90
78
56
58
17
99
91
14
69
38
88
87
50
5
31
8
59
87
30
28
83
58
24
13
19
89
15
18
42
61
10
65
86
14
72
5
87
55
80
1
66
98
45
46
24
48
52
76
68
27
34
54
33
97
93
33
55
44
39
27
84
74
71
9
28
23
2
37
33
27
21
5
8
30
62
85
14
77
88
71
38
39
49
15
27
56
32
89
21
40
50
43
16
53
16
91
27
36
19
1
47
16
44
42
7
30
46
4
35
9
19
77
55
68
89
46
25
57
82
71
91
13
16
93
77
77
88
54
14
70
58
77
59
88
24
22
94
8
8
97
10
29
54
13
21
72
87
48
64
70
67
70
54
47
10
35
99
51
65
30
41
92
89
65
50
41
19
67
44
67
51
18
49
84
62
62
59
4
72
5
89
41
90
44
4
88
24
12
78
89
22
44
43
78
56
18
40
89
62
79
53
20
5
96
20
49
21
69
85
47
76
95
78
60
40
1
2
46
61
61
18
7
89
55
45
8
75
70
28
44
23
70
42
92
51
70
37
93
24
54
68
54
27
31
14
26
65
82
39
56
17
93
28
2
61
47
31
49
52
12
74
50
41
41
25
7
54
85
9
70
63
9
22
7
93
64
80
59
41
19
43
93
32
72
28
29
42
41
32
5
39
87
42
13
80
18
13
86
6
8
71
79
73
69
92
8
72
21
8
97
66
72
9
33
69
81
19
69
14
95
64
14
54
5
31
76
67
10
27
76
51
94
53
34
47
63
20
63
79
20
56
22
33
34
38
67
78
9
43
99
98
43
72
11
44
58
25
69
38
16
41
63
94
32
46
72
20
75
85
7
61
56
90
93
40
42
81
21
66
64
97
58
66
27
77
9
22
42
90
89
39
50
25
63
79
93
28
1
87
65
48
4
24
37
39
43
53
79
71
2
76
5
4
74
19
82
96
68
55
38
51
77
84
95
67
11
31
28
15
46
15
80
33
1
16
93
34
30
88
34
56
42
71
88
13
35
47
51
45
96
96
60
46
50
14
71
19
28
69
28
12
25
65
25
86
96
71
3
58
25
49
66
79
21
81
9
6
96
82
33
64
80
82
18
50
55
34
82
86
45
74
6
61
60
23
31
77
47
2
17
63
45
92
20
48
30
80
25
69
5
65
23
46
37
63
31
42
47
74
32
62
89
16
13
50
43
6
19
98
51
32
58
94
66
